case k h_time h_obj_value probability nf nf_e dc dc_e soc soc_e lines
118 2 4.669513707 0.21120000000000005 0.192 1.1 0.21120000000000003 1.1 0.21120000000000003 1.1000001859849402 0.21120003570910853 [125,121]
118 3 0.48737793 0.11404800000000007 0.10368000000000001 1.1 0.11404800000000002 1.1 0.11404800000000002 1.1000001792389706 0.11404801858349649 [125,121,126]
118 4 0.260792997 0.06835200000000004 0.038400000000000004 1.78 0.06835200000000001 1.78 0.06835200000000001 1.7800001426026995 0.06835200547594367 [125,121,117,114]
118 5 0.210549141 0.036910080000000005 0.020736000000000004 1.78 0.03691008000000001 1.78 0.03691008000000001 1.7800001426026995 0.036910082957009586 [125,121,117,114,126]
118 6 0.224728277 0.020278732800000008 0.010786560000000002 1.88 0.020278732800000004 1.88 0.020278732800000004 1.8800001894391898 0.020278734843397192 [125,140,117,114,143,121]
118 7 0.262134364 0.010950515712000005 0.005824742400000002 1.88 0.010950515712000003 1.88 0.010950515712000003 1.8800001894391898 0.010950516815434484 [125,140,117,114,143,121,126]
118 8 0.244226828 0.005803773327360004 0.003087113472000001 1.88 0.005803773327360002 1.88 0.005803773327360002 1.8800001660842534 0.005803773840080938 [125,140,117,114,143,121,109,126]
118 9 0.206746699 0.003084996702364416 0.00143488218714624 3.2199999999999998 0.004620320642610893 3.2199999999999998 0.004620320642610893 3.2200001839745758 0.004620320906592735 [43,121,140,122,143,40,126,33,182]
118 10 0.20638933 0.0016350482522531423 0.0007604875591875072 3.2199999999999998 0.002448769940583773 3.2199999999999998 0.002448769940583773 3.2200001839745758 0.0024487700804941494 [43,121,140,122,143,109,40,126,33,182]
