case k h_time h_obj_value probability nf nf_e dc dc_e soc soc_e lines
240 2 5.791092348 5.12443908 0.095 53.941463999999996 5.12443908 53.941463999999996 5.12443908 53.94146863956163 5.124439520758354 [226,273]
240 3 6.447986977 3.1354004889599985 0.050286000000000004 116.292824 5.847900947664001 116.292824 5.847900947664001 116.29282830321591 5.847901164055516 [336,401,21]
240 4 6.06469054 4.537203421988159 0.026389440000000004 288.22536299999996 7.60610592336672 288.22536299999996 7.60610592336672 288.2253910983308 7.606106664865936 [437,436,276,272]
240 5 3.907772194 2.6021342014113626 0.013194720000000002 313.50308699999994 4.13658545210064 313.50308699999994 4.13658545210064 313.5030918849988 4.136585516556832 [381,437,436,253,272]
240 6 3.90751892 1.4051524687621353 0.0071251488 323.932667 2.3080684535558493 323.932667 2.3080684535558493 324.6752704795889 2.313359613847318 [384,381,437,436,253,272]
240 7 1.910586319 0.7587823331315529 0.003847580352000001 323.932667 1.2463569649201591 323.932667 1.2463569649201591 324.67528282187186 1.2492142389654777 [381,437,436,253,272,293,302]
240 8 1.369214217 0.40974245989103836 0.0020776933900800002 323.932667 0.6730327610568858 323.932667 0.6730327610568858 324.67528282187186 0.6745756890413578 [384,381,437,436,253,272,293,302]
240 9 2.908927756 0.22126092834116048 0.0011219544306432002 323.932667 0.3634376909707184 323.932667 0.3634376909707184 324.67526638822693 0.3642708536445325 [235,384,381,437,436,253,272,293,302]
240 10 1.404725166 0.11948090130422673 0.0006058553925473282 323.932667 0.19625635312418793 323.932667 0.19625635312418793 324.6752663957442 0.19670626097260194 [235,384,112,381,436,253,272,293,437,302]
