case k h_time h_obj_value probability nf nf_e dc dc_e soc soc_e lines
73 2 4.463500976 0.2875080000000001 0.1482 1.94 0.287508 1.94 0.287508 1.9400001153254176 0.28750801709122686 [25,20]
73 3 0.164733482 0.15525432000000008 0.080028 3.88 0.31050864 3.88 0.31050864 3.8800001244868816 0.31050864996243616 [60,64,33]
73 4 0.172775593 0.08521737120000002 0.021963240000000002 5.82 0.1278260568 5.82 0.1278260568 5.820000130933976 0.12782605967573435 [25,102,98,20]
73 5 0.178311419 0.046017380448000036 0.0118601496 5.82 0.069026070672 5.82 0.069026070672 5.820000130933976 0.06902607222489654 [25,60,64,33,20]
73 6 0.222243457 0.02484938544192001 0.006404480784000001 5.82 0.03727407816288001 5.82 0.03727407816288001 5.820000114205981 0.03727407889431002 [60,102,98,72,64,33]
73 7 0.265826373 0.013418668138636814 0.0034584196233600007 5.82 0.020128002207955204 5.82 0.020128002207955204 5.8200000084891 0.020128002237314074 [60,102,98,72,64,110,33]
73 8 0.238614135 0.007111894113477513 0.0018329624003808006 5.82 0.01066784117021626 5.82 0.01066784117021626 5.820000008783637 0.010667841186316336 [119,25,102,98,72,110,33,20]
73 9 0.219618596 0.003698184939008307 0.0009531404481980166 5.82 0.005547277408512456 5.82 0.005547277408512456 5.820000068981188 0.005547277474261217 [119,25,100,102,98,72,110,33,20]
73 10 0.191135014 0.00192305616828432 0.0004956330330629686 5.82 0.0028845842524264772 5.82 0.0028845842524264772 5.820000080736185 0.0028845842924419976 [119,25,60,100,72,64,110,22,33,20]
