0  46.60
1  39.26
2  35.47
3  34.25
4  33.10
5  31.73
6  31.44
7  31.28
8  31.17
9  30.34
10  28.14
11  25.45
12  25.34
13  24.95
14  24.92
15  24.57
16  24.29
17  24.11
18  23.78
19  23.09
20  22.92
21  22.83
22  22.74
23  22.70
24  22.44
25  22.13
26  22.06
27  22.02
28  21.63
29  21.57
30  21.56
31  21.38
32  21.37
33  21.24
34  21.11
35  21.04
36  21.00
37  20.96
38  20.83
39  20.67
40  20.67
41  20.63
42  20.51
43  20.41
44  20.39
45  20.29
46  20.27
47  20.26
48  20.12
49  19.35
50  19.35
51  19.35
52  17.58
53  17.52
54  17.45
55  17.43
56  17.29
57  17.26
58  17.24
59  17.08
60  17.04
61  16.98
62  16.97
63  16.76
64  16.74
65  16.70
66  16.68
67  16.64
68  16.63
69  16.63
70  16.61
71  16.59
72  16.56
73  16.54
74  16.52
75  16.49
76  16.44
77  16.39
78  16.31
79  16.25
80  16.24
81  16.20
82  16.12
83  16.12
84  16.10
85  16.01
86  15.99
87  15.94
88  15.93
89  15.90
90  15.89
91  15.86
92  15.81
93  15.79
94  15.76
95  15.76
96  15.75
97  15.74
98  15.65
99  15.64
100  15.63
101  15.63
102  15.57
103  15.56
104  15.56
105  15.54
106  15.51
107  15.43
108  15.42
109  15.39
110  15.35
111  15.32
112  15.31
113  15.30
114  15.25
115  15.25
116  15.21
117  15.18
118  15.16
119  15.13
120  14.96
121  14.90
122  14.85
123  14.81
124  14.81
125  14.80
126  14.75
127  14.73
128  14.70
129  14.68
130  14.68
131  14.67
132  14.65
133  14.63
134  14.62
135  14.61
136  14.58
137  14.58
138  14.58
139  14.57
140  14.47
141  14.45
142  14.40
143  14.38
144  14.36
145  14.34
146  14.34
147  14.33
148  14.33
149  14.33
150  14.30
151  14.30
152  14.28
153  14.28
154  14.27
155  14.27
156  14.23
157  14.23
158  14.20
159  14.20
160  14.19
161  14.17
162  14.17
163  14.14
164  14.11
165  14.10
166  14.09
167  14.08
168  14.06
169  14.06
170  14.05
171  10.90
172  10.87
173  10.86
174  10.83
175  10.81
176  10.80
177  10.80
178  10.80
179  10.79
180  10.78
181  10.75
182  10.75
183  10.75
184  10.75
185  10.73
186  10.71
187  10.71
188  10.71
189  10.69
190  10.69
191  10.68
192  10.67
193  10.66
194  10.66
195  10.64
196  10.63
197  10.62
198  10.61
199  10.57
200  10.55
201  10.53
202  10.51
203  10.50
204  10.48
205  10.47
206  10.45
207  10.44
208  10.43
209  10.43
210  10.43
211  10.42
212  10.38
213  10.36
214  10.32
215  10.31
216  10.30
217  10.27
218  10.25
219  10.25
220  10.22
221  10.22
222  10.20
223  10.19
224  10.16
225  10.16
226  10.16
227  10.15
228  10.14
229  10.13
230  10.12
231  10.11
232  10.10
233  10.08
234  10.08
235  10.06
236  10.05
237  10.01
238  9.99
239  9.99
240  9.99
241  9.97
242  9.95
243  9.93
244  9.90
245  9.89
246  9.88
247  9.88
248  9.88
249  9.87
250  9.85
251  9.85
252  9.84
253  9.84
254  9.83
255  9.82
256  9.82
257  9.82
258  9.81
259  9.81
260  9.81
261  9.80
262  9.79
263  9.78
264  9.78
265  9.77
266  9.76
267  9.76
268  9.76
269  9.75
270  9.74
271  9.74
272  9.73
273  9.71
274  9.70
275  9.69
276  9.67
277  9.64
278  9.64
279  9.62
280  9.61
281  9.61
282  9.61
283  9.60
284  9.57
285  9.57
286  9.57
287  9.57
288  9.56
289  9.56
290  9.55
291  9.54
292  9.53
293  9.52
294  9.51
295  9.51
296  9.49
297  9.49
298  9.48
299  9.47
300  9.45
301  9.44
302  9.44
303  9.44
304  9.44
305  9.43
306  9.43
307  9.42
308  9.42
309  9.42
310  9.37
311  9.36
312  9.34
313  9.32
314  9.32
315  9.32
316  9.31
317  9.30
318  9.30
319  9.30
320  9.27
321  9.26
322  9.25
323  9.24
324  9.22
325  9.21
326  9.21
327  9.21
328  9.20
329  9.20
330  9.20
331  9.19
332  9.18
333  9.17
334  9.16
335  9.15
336  9.13
337  9.13
338  9.12
339  9.11
340  9.11
341  9.10
342  9.10
343  9.10
344  9.09
345  9.09
346  9.09
347  9.08
348  9.08
349  9.07
350  9.07
351  9.06
352  9.05
353  9.04
354  9.04
355  9.04
356  9.03
357  9.03
358  9.02
359  9.02
360  9.01
361  9.00
362  8.97
363  8.97
364  8.97
365  8.96
366  8.94
367  8.94
368  8.92
369  8.91
370  8.91
371  8.90
372  8.90
373  8.89
374  8.89
375  8.89
376  8.89
377  8.88
378  8.87
379  8.87
380  8.87
381  8.87
382  8.87
383  8.86
384  8.85
385  8.85
386  8.85
387  8.84
388  8.84
389  8.83
390  8.80
391  8.80
392  8.79
393  8.79
394  8.79
395  8.79
396  8.79
397  8.78
398  8.77
399  8.76
400  8.76
401  8.76
402  8.76
403  8.75
404  8.74
405  8.73
406  8.73
407  8.72
408  8.72
409  8.71
410  8.71
411  8.71
412  8.70
413  8.70
414  8.70
415  8.67
416  8.67
417  8.66
418  8.66
419  8.66
420  8.65
421  8.65
422  8.65
423  8.65
424  8.64
425  8.64
426  8.64
427  8.63
428  8.63
429  8.62
430  8.62
431  8.60
432  8.60
433  8.60
434  8.60
435  8.59
436  8.59
437  8.59
438  8.58
439  8.58
440  8.58
441  8.57
442  8.57
443  8.56
444  8.56
445  8.56
446  8.56
447  8.55
448  8.55
449  8.55
450  8.54
451  8.54
452  8.53
453  8.53
454  8.53
455  8.53
456  8.52
457  8.52
458  8.52
459  8.51
460  8.51
461  8.50
462  8.50
463  8.49
464  8.49
465  8.49
466  8.49
467  8.48
468  8.48
469  8.48
470  8.47
471  8.47
472  8.47
473  8.47
474  8.46
475  8.45
476  8.45
477  8.43
478  8.42
479  8.41
480  8.40
481  8.38
482  8.38
483  8.37
484  8.37
485  8.36
486  8.36
487  8.35
488  8.35
489  8.35
490  8.35
491  8.34
492  8.34
493  8.34
494  8.34
495  8.34
496  8.33
497  8.33
498  8.33
499  8.33
500  8.33
501  8.32
502  8.32
503  8.32
504  8.30
505  8.29
506  8.29
507  8.29
508  8.29
509  8.29
510  8.28
511  7.99
512  7.99
513  7.99
514  7.98
515  7.97
516  7.96
517  7.96
518  7.96
519  7.95
520  7.95
521  7.95
522  7.95
523  7.94
524  7.94
525  7.94
526  7.94
527  7.94
528  7.94
529  7.93
530  7.93
531  7.92
532  7.91
533  7.89
534  7.88
535  7.88
536  7.88
537  7.87
538  7.86
539  7.84
540  7.84
541  7.83
542  7.82
543  7.82
544  7.82
545  7.82
546  7.82
547  7.82
548  7.81
549  7.80
550  7.80
551  7.80
552  7.80
553  7.80
554  7.78
555  7.76
556  7.76
557  7.76
558  7.76
559  7.76
560  7.75
561  7.75
562  7.75
563  7.75
564  7.75
565  7.75
566  7.75
567  7.75
568  7.74
569  7.74
570  7.74
571  7.73
572  7.70
573  7.70
574  7.69
575  7.69
576  7.69
577  7.69
578  7.69
579  7.68
580  7.68
581  7.67
582  7.67
583  7.66
584  7.64
585  7.63
586  7.63
587  7.62
588  7.62
589  7.62
590  7.62
591  7.60
592  7.60
593  7.59
594  7.59
595  7.58
596  7.58
597  7.57
598  7.56
599  7.56
600  7.55
601  7.55
602  7.54
603  7.54
604  7.54
605  7.54
606  7.52
607  7.52
608  7.51
609  7.51
610  7.51
611  7.51
612  7.50
613  7.50
614  7.49
615  7.49
616  7.49
617  7.48
618  7.48
619  7.48
620  7.48
621  7.47
622  7.47
623  7.46
624  7.46
625  7.46
626  7.46
627  7.45
628  7.45
629  7.45
630  7.44
631  7.44
632  7.43
633  7.43
634  7.43
635  7.43
636  7.42
637  7.42
638  7.42
639  7.42
640  7.42
641  7.41
642  7.41
643  7.41
644  7.40
645  7.40
646  7.40
647  7.40
648  7.40
649  7.40
650  7.40
651  7.40
652  7.40
653  7.39
654  7.39
655  7.39
656  7.38
657  7.38
658  7.37
659  7.36
660  7.36
661  7.36
662  7.35
663  7.34
664  7.33
665  7.31
666  7.31
667  7.31
668  7.30
669  7.30
670  7.30
671  7.30
672  7.29
673  7.29
674  7.28
675  7.26
676  7.26
677  7.25
678  7.25
679  7.25
680  7.24
681  7.24
682  7.23
683  7.23
684  7.23
685  7.21
686  7.21
687  7.21
688  7.21
689  7.21
690  7.20
691  7.20
692  7.20
693  7.20
694  7.20
695  7.19
696  7.19
697  7.19
698  7.19
699  7.18
700  7.18
701  7.18
702  7.17
703  7.16
704  7.16
705  7.15
706  7.15
707  7.14
708  7.13
709  7.13
710  7.13
711  7.13
712  7.12
713  7.12
714  7.12
715  7.12
716  7.11
717  7.11
718  7.11
719  7.11
720  7.10
721  7.09
722  7.09
723  7.09
724  7.09
725  7.08
726  7.08
727  7.08
728  7.08
729  7.08
730  7.06
731  7.06
732  7.06
733  7.06
734  7.05
735  7.05
736  7.05
737  7.04
738  7.04
739  7.04
740  7.03
741  7.03
742  7.03
743  7.03
744  7.02
745  7.02
746  7.02
747  7.02
748  7.02
749  7.02
750  7.02
751  7.02
752  7.01
753  7.01
754  7.00
755  7.00
756  7.00
757  6.99
758  6.99
759  6.99
760  6.99
761  6.99
762  6.99
763  6.99
764  6.98
765  6.98
766  6.98
767  6.97
768  6.97
769  6.97
770  6.96
771  6.96
772  6.96
773  6.96
774  6.95
775  6.95
776  6.95
777  6.94
778  6.94
779  6.93
780  6.93
781  6.93
782  6.93
783  6.93
784  6.92
785  6.92
786  6.92
787  6.91
788  6.91
789  6.90
790  6.90
791  6.90
792  6.89
793  6.89
794  6.89
795  6.88
796  6.88
797  6.87
798  6.87
799  6.87
800  6.86
801  6.86
802  6.86
803  6.85
804  6.85
805  6.85
806  6.84
807  6.83
808  6.83
809  6.83
810  6.83
811  6.83
812  6.82
813  6.81
814  6.81
815  6.81
816  6.80
817  6.80
818  6.80
819  6.80
820  6.79
821  6.79
822  6.79
823  6.79
824  6.78
825  6.78
826  6.78
827  6.77
828  6.77
829  6.77
830  6.77
831  6.77
