0  59.32
1  52.47
2  47.91
3  46.82
4  44.56
5  40.95
6  40.85
7  40.70
8  39.17
9  38.94
10  38.51
11  38.38
12  38.24
13  37.76
14  34.63
15  34.16
16  34.15
17  33.98
18  33.96
19  33.93
20  33.28
21  33.25
22  32.62
23  32.26
24  32.15
25  31.99
26  31.45
27  31.13
28  30.85
29  30.68
30  30.54
31  27.37
32  27.29
33  27.23
34  27.14
35  26.70
36  26.62
37  26.62
38  26.38
39  26.26
40  26.17
41  26.10
42  25.66
43  25.50
44  25.48
45  25.44
46  25.44
47  25.38
48  25.38
49  25.30
50  25.04
51  24.95
52  24.70
53  24.63
54  21.77
55  21.63
56  21.63
57  21.63
58  21.57
59  21.53
60  21.43
61  21.40
62  21.32
63  21.32
64  21.31
65  21.25
66  21.09
67  21.08
68  20.91
69  20.91
70  20.88
71  20.76
72  20.71
73  20.67
74  20.63
75  20.47
76  20.42
77  20.41
78  20.34
79  20.20
80  20.20
81  20.17
82  20.10
83  20.10
84  20.09
85  19.92
86  19.87
87  19.81
88  19.77
89  19.76
90  19.74
91  19.73
92  19.66
93  19.65
94  19.63
95  19.60
96  19.56
97  19.49
98  19.42
99  19.35
100  19.30
101  19.28
102  19.26
103  19.17
104  19.11
105  19.08
106  19.07
107  19.03
108  19.00
109  19.00
110  18.95
111  18.90
112  18.89
113  18.84
114  18.75
115  18.68
116  18.68
117  18.64
118  18.63
119  18.61
120  18.58
121  18.57
122  18.48
123  18.47
124  18.45
125  18.44
126  18.41
127  18.36
128  18.31
129  18.30
130  18.29
131  18.26
132  18.23
133  18.21
134  18.21
135  18.21
136  18.11
137  18.05
138  18.05
139  18.02
140  18.00
141  17.99
142  17.97
143  17.97
144  17.95
145  17.93
146  17.83
147  17.79
148  17.78
149  17.77
150  17.77
151  17.75
152  17.71
153  17.70
154  17.67
155  17.65
156  17.64
157  17.59
158  17.56
159  17.52
160  17.46
161  17.44
162  17.43
163  17.40
164  17.39
165  17.37
166  17.36
167  17.32
168  17.30
169  17.28
170  17.26
171  17.24
172  17.23
173  17.22
174  17.21
175  17.19
176  17.17
177  17.17
178  17.12
179  17.11
180  17.11
181  16.92
182  16.91
183  16.89
184  16.88
185  14.65
186  14.61
187  14.60
188  14.58
189  14.56
190  14.56
191  14.56
192  14.54
193  14.54
194  14.51
195  14.51
196  14.49
197  14.45
198  14.44
199  14.43
200  14.43
201  14.36
202  14.33
203  14.32
204  14.32
205  14.31
206  14.30
207  14.28
208  14.25
209  14.24
210  14.22
211  14.21
212  14.20
213  14.19
214  14.18
215  14.17
216  14.17
217  14.15
218  14.14
219  14.11
220  14.11
221  14.09
222  14.08
223  14.08
224  14.04
225  13.97
226  13.95
227  13.93
228  13.87
229  13.86
230  13.85
231  13.84
232  13.84
233  13.81
234  13.78
235  13.76
236  13.76
237  13.75
238  13.73
239  13.71
240  13.70
241  13.61
242  13.57
243  13.57
244  13.55
245  13.54
246  13.53
247  13.52
248  13.50
249  13.50
250  13.49
251  13.48
252  13.45
253  13.44
254  13.43
255  13.42
256  13.41
257  13.37
258  13.37
259  13.36
260  13.35
261  13.32
262  13.31
263  13.31
264  13.29
265  13.29
266  13.28
267  13.19
268  13.19
269  13.18
270  13.17
271  13.16
272  13.13
273  13.08
274  13.07
275  13.06
276  13.04
277  13.02
278  13.01
279  12.98
280  12.98
281  12.96
282  12.94
283  12.93
284  12.93
285  12.93
286  12.93
287  12.91
288  12.89
289  12.88
290  12.87
291  12.86
292  12.86
293  12.86
294  12.85
295  12.83
296  12.82
297  12.82
298  12.81
299  12.80
300  12.79
301  12.77
302  12.76
303  12.70
304  12.70
305  12.69
306  12.67
307  12.66
308  12.66
309  12.63
310  12.63
311  11.75
312  11.74
313  11.74
314  11.72
315  11.72
316  11.71
317  11.69
318  11.69
319  11.63
320  11.62
321  11.61
322  11.60
323  11.57
324  11.57
325  11.56
326  11.56
327  11.54
328  11.52
329  11.50
330  11.49
331  11.49
332  11.45
333  11.45
334  11.44
335  11.43
336  11.42
337  11.42
338  11.40
339  11.40
340  11.40
341  11.38
342  11.38
343  11.37
344  11.37
345  11.37
346  11.37
347  11.35
348  11.34
349  11.33
350  11.33
351  11.33
352  11.32
353  11.29
354  11.29
355  11.28
356  11.27
357  11.27
358  11.24
359  11.24
360  11.24
361  11.23
362  11.20
363  11.18
364  11.17
365  11.17
366  11.16
367  11.16
368  11.16
369  11.16
370  11.13
371  11.12
372  11.11
373  11.10
374  11.09
375  11.08
376  11.08
377  11.07
378  11.05
379  11.04
380  11.03
381  11.02
382  11.02
383  11.02
384  11.02
385  11.02
386  10.96
387  10.96
388  10.95
389  10.95
390  10.93
391  10.93
392  10.93
393  10.92
394  10.91
395  10.89
396  10.89
397  10.87
398  10.87
399  10.86
400  10.86
401  10.86
402  10.85
403  10.84
404  10.82
405  10.81
406  10.81
407  10.81
408  10.80
409  10.79
410  10.79
411  10.79
412  10.78
413  10.77
414  10.76
415  10.76
416  10.75
417  10.75
418  10.74
419  10.73
420  10.73
421  10.72
422  10.70
423  10.68
424  10.68
425  10.67
426  10.67
427  10.66
428  10.66
429  10.65
430  10.65
431  10.65
432  10.65
433  10.64
434  10.60
435  10.60
436  10.59
437  10.57
438  10.57
439  10.57
440  10.55
441  10.52
442  10.51
443  10.51
444  10.48
445  10.48
446  10.47
447  10.46
448  10.44
449  10.44
450  10.43
451  10.42
452  10.42
453  10.42
454  10.40
455  10.40
456  10.40
457  10.40
458  10.38
459  10.38
460  10.35
461  10.35
462  10.35
463  10.33
464  10.32
465  10.32
466  10.32
467  10.31
468  10.31
469  10.31
470  10.30
471  10.30
472  10.30
473  10.29
474  10.28
475  10.28
476  10.28
477  10.27
478  10.26
479  10.26
480  10.26
481  10.24
482  10.24
483  10.23
484  10.23
485  10.21
486  10.20
487  10.20
488  10.19
489  10.18
490  10.17
491  10.13
492  10.13
493  10.13
494  10.13
495  10.13
496  10.10
497  10.09
498  10.08
499  10.08
500  10.08
501  10.07
502  10.06
503  10.04
504  10.00
505  10.00
506  10.00
507  9.99
508  9.99
509  9.99
510  9.98
511  9.98
512  9.96
513  9.96
514  9.96
515  9.94
516  9.94
517  9.94
518  9.94
519  9.94
520  9.94
521  9.93
522  9.92
523  9.92
524  9.91
525  9.90
526  9.90
527  9.89
528  9.89
529  9.88
530  9.87
531  9.86
532  9.85
533  9.85
534  9.85
535  9.83
536  9.83
537  9.82
538  9.82
539  9.82
540  9.81
541  9.81
542  9.80
543  9.80
544  9.79
545  9.79
546  9.79
547  9.79
548  9.78
549  9.77
550  9.75
551  9.75
552  9.74
553  9.74
554  9.73
555  9.72
556  9.72
557  9.72
558  9.71
559  9.70
560  9.69
561  9.67
562  9.67
563  9.67
564  9.66
565  9.66
566  9.65
567  9.63
568  9.62
569  9.62
570  9.62
571  9.62
572  9.61
573  9.60
574  9.60
575  9.60
576  9.60
577  9.60
578  9.58
579  9.57
580  9.57
581  9.56
582  9.55
583  9.55
584  9.52
585  9.52
586  9.52
587  9.51
588  9.50
589  9.50
590  9.49
591  9.49
592  9.49
593  9.47
594  9.45
595  9.45
596  9.44
597  9.44
598  9.43
599  9.43
600  9.42
601  9.42
602  9.40
603  9.39
604  6.85
605  6.84
606  6.84
607  6.84
608  6.84
609  6.84
610  6.83
611  6.83
612  6.83
613  6.83
614  6.82
615  6.81
616  6.81
617  6.81
618  6.80
619  6.80
620  6.79
621  6.79
622  6.78
623  6.78
624  6.78
625  6.77
626  6.76
627  6.75
628  6.75
629  6.74
630  6.74
631  6.73
632  6.72
633  6.72
634  6.72
635  6.72
636  6.71
637  6.70
638  6.70
639  6.69
640  6.69
641  6.68
642  6.67
643  6.67
644  6.67
645  6.67
646  6.67
647  6.66
648  6.66
649  6.65
650  6.65
651  6.64
652  6.62
653  6.61
654  6.60
655  6.60
656  6.59
657  6.59
658  6.57
659  6.57
660  6.56
661  6.55
662  6.54
663  6.54
664  6.54
665  6.53
666  6.53
667  6.53
668  6.52
669  6.52
670  6.50
671  6.50
672  6.49
673  6.49
674  6.49
675  6.49
676  6.47
677  6.47
678  6.47
679  6.47
680  6.47
681  6.45
682  6.44
683  6.42
684  6.42
685  6.42
686  6.40
687  6.39
688  6.39
689  6.37
690  6.36
691  6.35
692  6.34
693  6.34
694  6.34
695  6.34
696  6.34
697  6.34
698  6.33
699  6.32
700  6.31
701  6.30
702  6.30
703  6.29
704  6.29
705  6.29
706  6.29
707  6.28
708  6.27
709  6.27
710  6.26
711  6.25
712  6.25
713  6.25
714  6.24
715  6.24
716  6.24
717  6.23
718  6.22
719  6.22
720  6.22
721  6.22
722  6.22
723  6.21
724  6.21
725  6.21
726  6.20
727  6.20
728  6.19
729  6.19
730  6.18
731  6.18
732  6.18
733  6.17
734  6.17
735  6.16
736  6.15
737  6.13
738  6.13
739  6.13
740  6.13
741  6.13
742  6.12
743  6.12
744  6.11
745  6.11
746  6.10
747  6.09
748  6.09
749  6.08
750  6.08
751  6.08
752  6.08
753  6.07
754  6.07
755  6.07
756  6.07
757  6.07
758  6.07
759  6.06
760  6.06
761  6.06
762  6.05
763  6.05
764  6.05
765  6.05
766  6.04
767  6.03
768  6.01
769  6.01
770  6.00
771  5.99
772  5.99
773  5.99
774  5.96
775  5.95
776  5.95
777  5.95
778  5.94
779  5.94
780  5.94
781  5.93
782  5.93
783  5.93
784  5.92
785  5.92
786  5.92
787  5.91
788  5.91
789  5.90
790  5.90
791  5.89
792  5.89
793  5.89
794  5.87
795  5.86
796  5.85
797  5.85
798  5.85
799  5.84
800  5.84
801  5.83
802  5.81
803  5.81
804  5.81
805  5.81
806  5.79
807  5.79
808  5.78
809  5.78
810  5.78
811  5.78
812  5.78
813  5.78
814  5.78
815  5.77
816  5.77
817  5.76
818  5.76
819  5.76
820  5.75
821  5.74
822  5.74
823  5.74
824  5.74
825  5.74
826  5.73
827  5.73
828  5.72
829  5.72
830  5.70
831  5.69
832  5.68
833  5.68
834  5.68
835  5.67
836  5.66
837  5.66
838  5.66
839  5.66
840  5.66
841  5.66
842  5.65
843  5.65
844  5.65
845  5.65
846  5.65
847  5.64
848  5.63
849  5.63
850  5.63
851  5.62
852  5.61
853  5.61
854  5.59
855  5.59
856  5.59
857  5.59
858  5.58
859  5.58
860  5.58
861  5.58
862  5.58
863  5.58
864  5.58
865  5.57
866  5.57
867  5.56
868  5.56
869  5.55
870  5.53
871  5.53
872  5.52
873  5.52
874  5.52
875  5.51
876  5.51
877  5.51
878  5.50
879  5.50
880  5.50
881  5.49
882  5.49
883  5.49
884  5.49
885  5.48
886  5.48
887  5.48
888  5.47
889  5.46
890  5.46
891  5.46
892  5.46
893  5.45
894  5.45
895  5.45
896  5.45
897  5.45
898  5.45
899  5.45
900  5.43
901  5.43
902  5.43
903  5.43
904  5.42
905  5.42
906  5.42
907  5.41
908  5.41
909  5.41
910  5.41
911  5.41
912  5.41
913  5.40
914  5.40
915  5.40
916  5.39
917  5.39
918  5.39
919  5.38
920  5.37
921  5.37
922  5.37
923  5.37
924  5.36
925  5.35
926  5.34
927  5.33
928  5.33
929  5.32
930  5.32
931  5.31
932  5.31
933  5.31
934  5.31
935  5.31
936  5.30
937  5.29
938  5.29
939  5.28
940  5.27
941  5.27
942  5.27
943  5.26
944  5.26
945  5.25
946  5.25
947  5.25
948  5.25
949  5.23
950  5.22
951  5.22
952  5.22
953  5.22
954  5.22
955  5.21
956  5.21
957  5.21
958  5.21
959  5.20
960  5.20
961  5.20
962  5.19
963  5.19
964  5.18
965  5.18
966  5.18
967  5.18
968  5.17
969  5.16
970  5.16
971  5.16
972  5.16
973  5.16
974  5.15
975  5.15
976  5.15
977  5.15
978  5.15
979  5.15
980  5.14
981  5.13
982  5.13
983  5.12
984  5.12
985  5.11
986  5.11
987  5.11
988  5.09
989  5.09
990  5.08
991  5.08
992  5.08
993  5.08
994  5.07
995  5.06
996  5.06
997  5.06
998  5.06
999  5.05
1000  5.05
1001  5.05
1002  5.05
1003  5.05
1004  5.04
1005  5.04
1006  5.04
1007  5.04
1008  5.03
1009  5.03
1010  5.03
1011  5.02
1012  5.02
1013  5.02
1014  5.02
